%YAML:1.0
---
affine: !!opencv-matrix
   rows: 2
   cols: 3
   dt: d
   data: [ 9.6562446339424102e-01, -1.8288744676224766e-03,
       1.7362225175733745e+03, -7.7437468424485512e-02,
       9.9042695105212197e-01, 4.5327335155652925e+01 ]
