%YAML:1.0
---
affine: !!opencv-matrix
   rows: 2
   cols: 3
   dt: d
   data: [ 9.7295648159981152e-01, -3.6766719617780524e-03,
       -1.6804003617779297e+03, 6.5568515212397524e-02,
       1.0022542591926362e+00, -1.5473913584360639e+02 ]
