%YAML:1.0
---
affine: !!opencv-matrix
   rows: 2
   cols: 3
   dt: d
   data: [ 1.0737590487609161e+00, 5.3865396112865671e-02,
       1.6686885267227231e+03, -2.3612921095779130e-02,
       9.7594121459734395e-01, 2.8649409044011740e+01 ]
