%YAML:1.0
---
affine: !!opencv-matrix
   rows: 2
   cols: 3
   dt: d
   data: [ -5.1896523454554686e-02, 1.2496823283251329e-03,
       2.0115589033104186e+02, 3.5985284392385231e-01,
       9.9143622511351659e-01, -6.6278851540225105e+02 ]
