%YAML:1.0
---
homography: !!opencv-matrix
   rows: 3
   cols: 3
   dt: d
   data: [ -3.3954735793206098e-02, 3.7172777723870142e-02,
       1.7355622813484531e+03, -2.9473308000963266e-01,
       9.4925375209278950e-01, 6.3558635201907727e+01,
       -5.3244357015133983e-04, 1.8166312197973167e-05, 1. ]
