%YAML:1.0
---
homography: !!opencv-matrix
   rows: 3
   cols: 3
   dt: d
   data: [ 1.4614976070670537e+02, -2.4714807177663065e-01,
       -2.5379706003150830e+05, 3.8516039295150350e+01,
       1.4131614506476842e+02, -7.6890804544494895e+04,
       7.3037647674252706e-02, 5.9064925041805143e-03, 1. ]
