%YAML:1.0
---
homography: !!opencv-matrix
   rows: 3
   cols: 3
   dt: d
   data: [ -1.3456381821628550e-02, -3.1465117208325996e-02,
       1.7361043273981145e+03, -2.8578221830185535e-01,
       9.2033697703916617e-01, 6.8325766438793679e+01,
       -5.1461921597064329e-04, -2.0216990343197004e-05, 1. ]
