%YAML:1.0
---
homography: !!opencv-matrix
   rows: 3
   cols: 3
   dt: d
   data: [ 3.4822626919183253e-02, -3.2123575717335699e-02,
       1.6744575911493826e+03, -2.6345834638951071e-01,
       8.6940314464752022e-01, 6.3286478207840638e+01,
       -4.7423488277438004e-04, -7.1099513223641650e-05,
       9.9999999999999989e-01 ]
