%YAML:1.0
---
homography: !!opencv-matrix
   rows: 3
   cols: 3
   dt: d
   data: [ 1.9815001284419964e+01, -1.5186275912298729e-02,
       -3.4416590885544712e+04, 5.0632429798265823e+00,
       1.9109323006654535e+01, -1.0103180784923217e+04,
       9.4862415641488486e-03, 6.1521385708597411e-04, 1. ]
