%YAML:1.0
---
homography: !!opencv-matrix
   rows: 3
   cols: 3
   dt: d
   data: [ 1.9815027649312661e+01, -1.5186300412225788e-02,
       -3.4416636682038312e+04, 5.0632499743617139e+00,
       1.9109348381487624e+01, -1.0103194702748489e+04,
       9.4862548663526332e-03, 6.1521472210933879e-04, 1. ]
