%YAML:1.0
---
homography: !!opencv-matrix
   rows: 3
   cols: 3
   dt: d
   data: [ -1.1570359432527628e-01, -7.3501966511897165e-02,
       1.7453361377722385e+03, -3.3212363171896520e-01,
       9.1586900426684648e-01, 6.8125224032179077e+01,
       -5.8195125773563409e-04, -3.2456834488547534e-05, 1. ]
