%YAML:1.0
---
homography: !!opencv-matrix
   rows: 3
   cols: 3
   dt: d
   data: [ -1.3801448531647708e+01, 1.5108993651169386e-01,
       2.3403081509258525e+04, -4.0595225309018748e+00,
       -1.3210016471247377e+01, 7.7093425207014679e+03,
       -7.4464027218615995e-03, -8.5044292936538345e-04, 1. ]
