%YAML:1.0
---
homography: !!opencv-matrix
   rows: 3
   cols: 3
   dt: d
   data: [ -1.8465014565938240e+01, -3.7179042598269824e-01,
       8.0954821635580481e+02, -8.1461976325758556e+00,
       6.6520104126586022e-01, 7.7998060737610601e+01,
       -2.1871529827485980e-02, -4.2826868525750952e-04,
       9.9999999999999989e-01 ]
