%YAML:1.0
---
homography: !!opencv-matrix
   rows: 3
   cols: 3
   dt: d
   data: [ -1.1794606189476899e-01, -1.3726049185800157e-01,
       1.7775976129718267e+03, -3.1371835443399110e-01,
       9.2215376142622640e-01, 4.9925271168285128e+01,
       -5.6688485016361499e-04, -2.1068290716596042e-05, 1. ]
