%YAML:1.0
---
homography: !!opencv-matrix
   rows: 3
   cols: 3
   dt: d
   data: [ -1.2908184308557709e+00, 5.2914656019784762e-02,
       2.1797892807599287e+03, -5.4759465801793838e-01,
       -1.0419923926927013e+00, 9.6970635605020504e+02,
       -1.2679972521997310e-03, 3.8452812546971489e-04, 1. ]
