%YAML:1.0
---
homography: !!opencv-matrix
   rows: 3
   cols: 3
   dt: d
   data: [ -1.9812533399816645e-02, -1.1055658933510178e-01,
       1.6963378189234513e+03, -2.8867948743522587e-01,
       8.7807280180985137e-01, 6.1949047186363281e+01,
       -5.0983287175372031e-04, -7.0880993583739588e-05, 1. ]
