%YAML:1.0
---
homography: !!opencv-matrix
   rows: 3
   cols: 3
   dt: d
   data: [ -1.1725318911491391e+00, -4.1172843326184691e-02,
       1.8551038310943877e+03, -2.7290802654053248e-01,
       9.7316746648353614e-01, 2.8417185026778348e+01,
       -3.6226678208557981e-04, 1.5410779284587530e-06,
       9.9999999999999989e-01 ]
