%YAML:1.0
---
homography: !!opencv-matrix
   rows: 3
   cols: 3
   dt: d
   data: [ 5.5361474471109013e+01, 8.3411040498221101e-01,
       -9.3966783718932857e+04, 9.6766832534672282e+00,
       5.3606270983601235e+01, -1.8637845183306094e+04,
       2.5577740108993163e-02, 9.0541169243351094e-03, 1. ]
