%YAML:1.0
---
homography: !!opencv-matrix
   rows: 3
   cols: 3
   dt: d
   data: [ 1.6780045838482947e-03, -6.4267484272932801e-03,
       3.7895951589902573e+01, -3.6705443652411390e-03,
       1.8555467682767900e-02, 9.2468547590574801e-01,
       -9.6860272885182401e-06, -3.6216729663139515e-06,
       2.2334988633400443e-02 ]
