%YAML:1.0
---
homography: !!opencv-matrix
   rows: 3
   cols: 3
   dt: d
   data: [ 7.9006585946784974e-02, -2.3024114003572082e-02,
       1.6900524651797957e+03, -2.3894989569614766e-01,
       9.1242365656821567e-01, 4.5781417790710712e+01,
       -4.6177401556050766e-04, -1.4968495867831139e-05, 1. ]
