%YAML:1.0
---
homography: !!opencv-matrix
   rows: 3
   cols: 3
   dt: d
   data: [ 1.2918224331941415e+00, 2.6042461881351391e-02,
       -2.1841106443851718e+03, 5.8753389290027158e-02,
       1.4904962289063743e+00, -2.0340940224143483e+02,
       1.2070209804317033e-04, 1.9346236730399680e-04, 1. ]
