%YAML:1.0
---
homography: !!opencv-matrix
   rows: 3
   cols: 3
   dt: d
   data: [ 4.4243357371223452e-01, -1.9895896631060156e-01,
       1.6904973973826593e+03, -1.5643044791940047e-01,
       8.1915142954396281e-01, 7.0842632036995724e+01,
       -2.7823893699978927e-04, -1.0901204607065669e-04, 1. ]
