%YAML:1.0
---
homography: !!opencv-matrix
   rows: 3
   cols: 3
   dt: d
   data: [ 1.9584697367804496e-01, 8.5646065287811879e-02,
       8.5003397841682511e+02, -2.1753997990880566e-01,
       9.8248654840854721e-01, 1.3571851061187502e+01,
       -8.1032812294491241e-04, 8.4980197951540186e-05, 1. ]
