%YAML:1.0
---
homography: !!opencv-matrix
   rows: 3
   cols: 3
   dt: d
   data: [ -2.0969392552744033e+00, -3.0690676102403294e+00,
       8.6796227589230898e+02, -4.1072942399556545e-01,
       -1.9520603273083510e+00, 5.8452966943412866e+02,
       -2.3367335700994248e-03, -3.4829311142890586e-03, 1. ]
