%YAML:1.0
---
homography: !!opencv-matrix
   rows: 3
   cols: 3
   dt: d
   data: [ 2.7140736059508641e-01, 3.8838059859428217e-02,
       1.7349790720581088e+03, -2.0897410989615831e-01,
       1.0055648927215224e+00, 3.5170578142169440e+01,
       -3.9614722448975005e-04, 2.4040610509325406e-05, 1. ]
