%YAML:1.0
---
homography: !!opencv-matrix
   rows: 3
   cols: 3
   dt: d
   data: [ -2.4449692081695004e-01, 4.6090950356488289e-02,
       9.1647062518645873e+02, -3.0998189126199593e-01,
       9.8121849182232912e-01, -4.6615104921553353e+01,
       -1.0502442547130413e-03, 6.7262490497001489e-05, 1. ]
