%YAML:1.0
---
homography: !!opencv-matrix
   rows: 3
   cols: 3
   dt: d
   data: [ -8.0694890393743068e-01, -1.4155131626673438e+00,
       1.8217441579328870e+03, -7.6210007253086137e-03,
       -2.8231472105057603e-01, 1.8307601891242797e+02,
       -4.4259901614692474e-04, -8.1949068944236136e-04, 1. ]
