%YAML:1.0
---
homography: !!opencv-matrix
   rows: 3
   cols: 3
   dt: d
   data: [ 1.1500962566638562e-01, 8.3361663088180986e-03,
       8.5545624975028386e+02, -2.5055707392650711e-01,
       9.4526493389643496e-01, 1.0998961344402383e+01,
       -9.0697065082040896e-04, 1.2900883020814068e-05, 1. ]
