%YAML:1.0
---
homography: !!opencv-matrix
   rows: 3
   cols: 3
   dt: d
   data: [ 9.2497520292654525e-02, -2.6018043551661499e-02,
       8.3296906845675153e+02, -3.0166098739509017e-01,
       9.0570575222233995e-01, 7.3562205411315915e+01,
       -9.0122932900973235e-04, -5.3175542724852579e-05, 1. ]
