%YAML:1.0
---
homography: !!opencv-matrix
   rows: 3
   cols: 3
   dt: d
   data: [ 1.1500962561418286e-01, 8.3361663113149815e-03,
       8.5545624975032854e+02, -2.5055707394541771e-01,
       9.4526493389532995e-01, 1.0998961345079982e+01,
       -9.0697065087438932e-04, 1.2900883023238070e-05, 1. ]
