%YAML:1.0
image_width: 1920
image_height: 1080
camera_name: head_camera
camera_matrix: !!opencv-matrix
  rows: 3
  cols: 3
  dt: d
  data: [1422.921485, 0, 1001.451362, 0, 1411.616892, 497.239064, 0, 0, 1]
distortion_model: plumb_bob
distortion_coefficients: !!opencv-matrix
  rows: 1
  cols: 5
  dt: d
  data: [0.097038, -0.113852, -0.011477, 0.016840, 0]
rectification_matrix: !!opencv-matrix
  rows: 3
  cols: 3
  dt: d
  data: [1, 0, 0, 0, 1, 0, 0, 0, 1]
projection_matrix: !!opencv-matrix
  rows: 3
  cols: 4
  dt: d
  data: [1452.937622, 0, 1036.579662, 0, 0, 1465.190308, 484.586220, 0, 0, 0, 1, 0]
