%YAML:1.0
image_width: 1920
image_height: 1080
camera_name: head_camera
camera_matrix: !!opencv-matrix
  rows: 3
  cols: 3
  dt: d
  data: [1370.832096373259, 0, 1025.960818527883, 0, 1360.724196284498, 612.2064947887451, 0, 0, 1]
distortion_model: plumb_bob
distortion_coefficients: !!opencv-matrix
  rows: 1
  cols: 5
  dt: d
  data: [-0.07887128356234188, 0.04096325474544821, 0.02240587142916904, 0.005021438014484382, 0]
rectification_matrix: !!opencv-matrix
  rows: 3
  cols: 3
  dt: d
  data: [1, 0, 0, 0, 1, 0, 0, 0, 1]
projection_matrix: !!opencv-matrix
  rows: 3
  cols: 4
  dt: d
  data: [1343.45556640625, 0, 1039.437816134014, 0, 0, 1337.924560546875, 632.1969423688934, 0, 0, 0, 1, 0]
