%YAML:1.0
image_width: 1920
image_height: 1080
camera_name: head_camera
camera_matrix: !!opencv-matrix
  rows: 3
  cols: 3
  dt: d
  data: [1321.773559007231, 0, 1009.093716138715, 0, 1314.43731381783, 632.9236656501894, 0, 0, 1]
distortion_model: plumb_bob
distortion_coefficients: !!opencv-matrix
  rows: 1
  cols: 5
  dt: d
  data: [0.001051531962291101, -0.1274831389720715, 0.02694829135361036, -0.0006865922520873491, 0]
rectification_matrix: !!opencv-matrix
  rows: 3
  cols: 3
  dt: d
  data: [1, 0, 0, 0, 1, 0, 0, 0, 1]
projection_matrix: !!opencv-matrix
  rows: 3
  cols: 4
  dt: d
  data: [1272.43359375, 0, 1017.979957695818, 0, 0, 1291.523681640625, 654.0542137018638, 0, 0, 0, 1, 0]
