%YAML:1.0
image_width: 1920
image_height: 1080
camera_name: head_camera
camera_matrix: !!opencv-matrix
  rows: 3
  cols: 3
  dt: d
  data: [1283.717965555105, 0, 838.2494806521188, 0, 1249.915447328893, 628.1513492619522, 0, 0, 1]
distortion_model: plumb_bob
distortion_coefficients: !!opencv-matrix
  rows: 1
  cols: 5
  dt: d
  data: [-0.1159129019477583, 0.01572915274691979, 0.01174660977879448, -0.01350496913448584, 0]
rectification_matrix: !!opencv-matrix
  rows: 3
  cols: 3
  dt: d
  data: [1, 0, 0, 0, 1, 0, 0, 0, 1]
projection_matrix: !!opencv-matrix
  rows: 3
  cols: 4
  dt: d
  data: [1171.659790039062, 0, 780.4099322248076, 0, 0, 1213.893310546875, 641.0208247766277, 0, 0, 0, 1, 0]
