%YAML:1.0
image_width: 640
image_height: 480
camera_name: narrow_stereo
camera_matrix: !!opencv-matrix
  rows: 3
  cols: 3
  dt: d
  data: [699.301640, 0.000000, 336.982701, 0.000000, 700.786792, 245.488900, 0.000000, 0.000000, 1.000000]
distortion_model: plumb_bob
distortion_coefficients: !!opencv-matrix
  rows: 1
  cols: 5
  dt: d
  data: [0.029627, 0.254139, 0.015418, 0.003899, 0.000000]
rectification_matrix: !!opencv-matrix
  rows: 3
  cols: 3
  dt: d
  data: [1.000000, 0.000000, 0.000000, 0.000000, 1.000000, 0.000000, 0.000000, 0.000000, 1.000000]
projection_matrix: !!opencv-matrix
  rows: 3
  cols: 4
  dt: d
  data: [727.514404, 0.000000, 337.677315, 0.000000, 0.000000, 723.548462, 250.761387, 0.000000, 0.000000, 0.000000, 1.000000, 0.000000]
