%YAML:1.0
image_width: 1920
image_height: 1080
camera_name: head_camera
camera_matrix: !!opencv-matrix
  rows: 3
  cols: 3
  dt: d
  data: [1452.580710826425, 0, 1083.702210089697, 0, 1434.652608789933, 688.5468831919366, 0, 0, 1]
distortion_model: plumb_bob
distortion_coefficients: !!opencv-matrix
  rows: 1
  cols: 5
  dt: d
  data: [-0.1043959415419847, 0.159934842446082, 0.02257285690253215, 0.03848956110321013, 0]
rectification_matrix: !!opencv-matrix
  rows: 3
  cols: 3
  dt: d
  data: [0.5, 0, 0.86602540378, 0, 1, 0, -0.86602540378, 0, 0.5]
projection_matrix: !!opencv-matrix
  rows: 3
  cols: 4
  dt: d
  data: [1422.355224609375, 0, 1148.849679203777, 0, 0, 1454.653686523438, 708.4154616485612, 0, 0, 0, 1, 0]
