%YAML:1.0
image_width: 1920
image_height: 1080
camera_name: head_camera
camera_matrix: !!opencv-matrix
  rows: 3
  cols: 3
  dt: d
  data: [1405.507009808209, 0, 998.0275982944778, 0, 1391.514683731773, 612.7313785780714, 0, 0, 1]
distortion_model: plumb_bob
distortion_coefficients: !!opencv-matrix
  rows: 1
  cols: 5
  dt: d
  data: [0.05646817019822944, 0.01281853645606427, 0.01900493273485715, 0.003428873441118481, 0]
rectification_matrix: !!opencv-matrix
  rows: 3
  cols: 3
  dt: d
  data: [1, 0, 0, 0, 1, 0, 0, 0, 1]
projection_matrix: !!opencv-matrix
  rows: 3
  cols: 4
  dt: d
  data: [1468.212524414062, 0, 1002.260358736472, 0, 0, 1436.327880859375, 632.319990878801, 0, 0, 0, 1, 0]
