%YAML:1.0
image_width: 640
image_height: 480
camera_name: head_camera
camera_matrix: !!opencv-matrix
  rows: 3
  cols: 3
  dt: d
  data: [839.4042719889258, 0, 329.9572713427157, 0, 833.8296950945119, 204.9791424679845, 0, 0, 1]
distortion_model: plumb_bob
distortion_coefficients: !!opencv-matrix
  rows: 1
  cols: 5
  dt: d
  data: [-0.2372290884943626, 0.9182246515023264, -0.001934547930361935, 0.001239364042202882, 0]
rectification_matrix: !!opencv-matrix
  rows: 3
  cols: 3
  dt: d
  data: [1, 0, 0, 0, 1, 0, 0, 0, 1]
projection_matrix: !!opencv-matrix
  rows: 3
  cols: 4
  dt: d
  data: [837.8158569335938, 0, 329.8734493021129, 0, 0, 830.4507446289062, 205.4474635766564, 0, 0, 0, 1, 0]
