%YAML:1.0
image_width: 1920
image_height: 1080
camera_name: head_camera
camera_matrix: !!opencv-matrix
  rows: 3
  cols: 3
  dt: d
  data: [462.065700738813, 0, 460.671237001639, 0, 356.88114803828586, 230.99672641916328, 0, 0, 1]
distortion_model: plumb_bob
distortion_coefficients: !!opencv-matrix
  rows: 1
  cols: 5
  dt: d
  data: [-0.0031712162855946913, 0.023234917577590594, -0.029245470716832034, 0.015049235771018896, 0]
rectification_matrix: !!opencv-matrix
  rows: 3
  cols: 3
  dt: d
  data: [1, 0, 0, 0, 1, 0, 0, 0, 1]
projection_matrix: !!opencv-matrix
  rows: 3
  cols: 4
  dt: d
  data: [1422.355224609375, 0, 1148.849679203777, 0, 0, 1454.653686523438, 708.4154616485612, 0, 0, 0, 1, 0]
