%YAML:1.0
image_width: 1920
image_height: 1080
camera_name: head_camera
camera_matrix: !!opencv-matrix
  rows: 3
  cols: 3
  dt: d
  data: [462.9917205860272, 0, 461.6887568732561, 0, 377.25363264678674, 226.3724079385448, 0, 0, 1]
distortion_model: plumb_bob
distortion_coefficients: !!opencv-matrix
  rows: 1
  cols: 5
  dt: d
  data: [-0.0030495772365694515, 0.022113076845301186, -0.03241849588177408, 0.019711158941539533, 0]
rectification_matrix: !!opencv-matrix
  rows: 3
  cols: 3
  dt: d
  data: [0.9999991668742046, 0.0011996003564345209, -0.00047666537676943193, -0.00119930071007679, 0.9999990833827727, 0.0006284197811180957, 0.0004774187924431557, -0.0006278475924405372, 0.9999996889393002]
projection_matrix: !!opencv-matrix
  rows: 3
  cols: 4
  dt: d
  data: [1171.659790039062, 0, 780.4099322248076, 0, 0, 1213.893310546875, 641.0208247766277, 0, 0, 0, 1, 0]
